%YAML:1.0
names:
- robocup_table
- robocup_shelf_0
- robocup_shelf_1
- robocup_shelf_2
- robocup_shelf_3
- robocup_shelf_4
robocup_shelf_0:
  depth: 0.36
  height: 0.4
  transform: !!opencv-matrix
    cols: 4
    data: [0.07254723119212747, 0.9973649779525829, 0.0, -0.33329853473983684, -0.9973649779525829,
      0.07254723119212747, -0.0, -0.7421638719675192, -0.0, 0.0, 1.0, 0.13999999999999999,
      0.0, 0.0, 0.0, 1.0]
    dt: d
    rows: 4
  type: Shelf
  width: 1.03
robocup_shelf_1:
  depth: 0.36
  height: 0.4
  transform: !!opencv-matrix
    cols: 4
    data: [0.07254723119212747, 0.9973649779525829, 0.0, -0.33329853473983684, -0.9973649779525829,
      0.07254723119212747, -0.0, -0.7421638719675192, -0.0, 0.0, 1.0, 0.42699999999999994,
      0.0, 0.0, 0.0, 1.0]
    dt: d
    rows: 4
  type: Shelf
  width: 1.03
robocup_shelf_2:
  depth: 0.36
  height: 0.4
  transform: !!opencv-matrix
    cols: 4
    data: [0.07254723119212747, 0.9973649779525829, 0.0, -0.33329853473983684, -0.9973649779525829,
      0.07254723119212747, -0.0, -0.7421638719675192, -0.0, 0.0, 1.0, 0.88, 0.0, 0.0,
      0.0, 1.0]
    dt: d
    rows: 4
  type: Shelf
  width: 1.03
robocup_shelf_3:
  depth: 0.36
  height: 0.4
  transform: !!opencv-matrix
    cols: 4
    data: [0.07254723119212747, 0.9973649779525829, 0.0, -0.33329853473983684, -0.9973649779525829,
      0.07254723119212747, -0.0, -0.7421638719675192, -0.0, 0.0, 1.0, 1.242, 0.0,
      0.0, 0.0, 1.0]
    dt: d
    rows: 4
  type: Shelf
  width: 1.03
robocup_shelf_4:
  depth: 0.36
  height: 0.4
  transform: !!opencv-matrix
    cols: 4
    data: [0.07254723119212747, 0.9973649779525829, 0.0, -0.33329853473983684, -0.9973649779525829,
      0.07254723119212747, -0.0, -0.7421638719675192, -0.0, 0.0, 1.0, 1.558, 0.0,
      0.0, 0.0, 1.0]
    dt: d
    rows: 4
  type: Shelf
  width: 1.03
robocup_table:
  depth: 0.85
  height: 0.4
  transform: !!opencv-matrix
    cols: 4
    data: [0.9973650016605945, -0.07254690525833883, 0.0, 0.9705212412591483, 0.07254690525833883,
      0.9973650016605945, 0.0, 0.07958984302344141, 0.0, 0.0, 1.0, 0.86, 0.0, 0.0,
      0.0, 1.0]
    dt: d
    rows: 4
  type: Table
  width: 0.85
